<?xml version="1.0"?>
<opencv_storage>
<calibration_Time>"Wed Jun  3 11:59:15 2015"</calibration_Time>
<nrOfFrames>8</nrOfFrames>
<image_Width>640</image_Width>
<image_Height>480</image_Height>
<board_Width>9</board_Width>
<board_Height>6</board_Height>
<square_Size>50.</square_Size>
<FixAspectRatio>1.</FixAspectRatio>
<!-- flags:  +fix_aspectRatio +fix_principal_point +zero_tangent_dist -->
<flagValue>14</flagValue>
<Camera_Matrix type_id="opencv-matrix">
  <rows>3</rows>
  <cols>3</cols>
  <dt>d</dt>
  <data>
    6.1357013269810250e+02 0. 3.1950000000000000e+02 0.
    6.1357013269810250e+02 2.3950000000000000e+02 0. 0. 1.</data></Camera_Matrix>
<Distortion_Coefficients type_id="opencv-matrix">
  <rows>5</rows>
  <cols>1</cols>
  <dt>d</dt>
  <data>
    6.2893659093366083e-02 -1.7290676377819170e-01 0. 0.
    -1.9864913372558086e-02</data></Distortion_Coefficients>
<Avg_Reprojection_Error>4.0657439151867714e-01</Avg_Reprojection_Error>
<Per_View_Reprojection_Errors type_id="opencv-matrix">
  <rows>8</rows>
  <cols>1</cols>
  <dt>f</dt>
  <data>
    4.15646106e-01 3.84458363e-01 3.75597924e-01 3.31402481e-01
    3.42672914e-01 5.34142017e-01 4.26326841e-01 4.07999456e-01</data></Per_View_Reprojection_Errors>
<!-- a set of 6-tuples (rotation vector + translation vector) for each view -->
<Extrinsic_Parameters type_id="opencv-matrix">
  <rows>8</rows>
  <cols>6</cols>
  <dt>d</dt>
  <data>
    1.0914213844000786e-01 3.9112459325748403e-02 3.1333525705430620e+00
    2.5510502827439754e+02 5.4143863455112879e+01 6.7044572958540584e+02
    1.6760535137901818e-02 -1.5968099364422735e-02
    -5.1246600707661842e-03 -1.8285950251358292e+02
    -2.2044884767505238e+02 7.1789955833551505e+02
    -4.8992400585467333e-02 -1.2393871300246682e-01
    3.4192466864748354e-02 -2.0822621834283481e+02
    -2.0135317691003627e+02 6.6444450634265036e+02
    -2.0929233278153223e-01 1.1500640773489193e-01
    3.1238959470713357e+00 2.8811725032919736e+02 3.3019811592341583e+01
    7.1823869879386075e+02 -2.8929694751584068e-02
    -1.0335765334683950e-01 -1.9553820339551331e-02
    -2.8908617742805916e+02 -2.0483623800155618e+02
    6.7171615359601071e+02 -7.1619790129000480e-02
    -3.1025610507435725e-01 3.1189392107402725e+00
    1.5880115870948552e+02 7.5675927160992018e+01 7.0612202386861668e+02
    5.2028505837401276e-02 -4.6759482934835417e-01
    -3.0756485216344420e+00 1.3366160495560086e+02
    4.8629802101623184e+01 6.3954686856337651e+02
    -1.8503988899172663e-01 -3.6515760175806704e-02
    3.1172682749595553e+00 1.3259672941916457e+02 4.8168726399034085e+01
    7.0938472229281899e+02</data></Extrinsic_Parameters>
<Image_points type_id="opencv-matrix">
  <rows>8</rows>
  <cols>54</cols>
  <dt>"2f"</dt>
  <data>
    5.53797729e+02 2.89042267e+02 5.07251282e+02 2.89096466e+02
    4.60690186e+02 2.89026489e+02 4.14760956e+02 2.88932129e+02
    3.69533783e+02 2.88860138e+02 3.24610229e+02 2.88790283e+02
    2.80404480e+02 2.88714081e+02 2.36307739e+02 2.88823792e+02
    1.92588562e+02 2.88985779e+02 5.53560181e+02 2.43306793e+02
    5.06970764e+02 2.43694122e+02 4.60197388e+02 2.43797653e+02
    4.14291809e+02 2.43978989e+02 3.69116272e+02 2.44283447e+02
    3.24667816e+02 2.44465607e+02 2.80143646e+02 2.44684998e+02
    2.36435944e+02 2.44994934e+02 1.92562180e+02 2.45289154e+02
    5.53350037e+02 1.97846588e+02 5.06185913e+02 1.98353928e+02
    4.60078735e+02 1.98805130e+02 4.13794525e+02 1.99431473e+02
    3.68785248e+02 1.99893280e+02 3.24331390e+02 2.00337097e+02
    2.79718384e+02 2.00828247e+02 2.36392365e+02 2.01434189e+02
    1.92622162e+02 2.01753448e+02 5.52611267e+02 1.51701004e+02
    5.05564575e+02 1.52902328e+02 4.59439606e+02 1.53595337e+02
    4.13638031e+02 1.54565323e+02 3.68574554e+02 1.55156372e+02
    3.23826263e+02 1.55840012e+02 2.79584717e+02 1.56582123e+02
    2.35651642e+02 1.57307846e+02 1.92203018e+02 1.57948959e+02
    5.52036560e+02 1.06257294e+02 5.05040314e+02 1.07585167e+02
    4.59146698e+02 1.08824745e+02 4.12995087e+02 1.09695877e+02
    3.68346375e+02 1.10737717e+02 3.23636810e+02 1.11877174e+02
    2.79420654e+02 1.12987526e+02 2.35406036e+02 1.13768417e+02
    1.91799591e+02 1.14381088e+02 5.51070740e+02 6.09375114e+01
    5.04479767e+02 6.24160423e+01 4.58589661e+02 6.38332443e+01
    4.12975647e+02 6.51347733e+01 3.67754822e+02 6.65567856e+01
    3.23441803e+02 6.76400146e+01 2.79057373e+02 6.88113251e+01
    2.35401199e+02 7.01805878e+01 1.91413132e+02 7.07975845e+01
    1.62393066e+02 5.04011269e+01 2.05274002e+02 5.02824707e+01
    2.48355545e+02 5.03010902e+01 2.91450989e+02 5.03976517e+01
    3.34342224e+02 5.03443565e+01 3.77056305e+02 5.04108582e+01
    4.19893250e+02 5.04912186e+01 4.62549347e+02 5.04814758e+01
    5.05242828e+02 5.05125961e+01 1.62481247e+02 9.31092682e+01
    2.05608032e+02 9.33395462e+01 2.48795074e+02 9.34480667e+01
    2.91704224e+02 9.35166550e+01 3.34343170e+02 9.34256439e+01
    3.76728027e+02 9.34801712e+01 4.19542542e+02 9.32848587e+01
    4.62210571e+02 9.31459961e+01 5.04865570e+02 9.28751984e+01
    1.62932220e+02 1.36293396e+02 2.06291748e+02 1.36475342e+02
    2.48977631e+02 1.36344833e+02 2.92023529e+02 1.36306107e+02
    3.34474854e+02 1.35997726e+02 3.76725067e+02 1.35973969e+02
    4.19678558e+02 1.35666580e+02 4.61588715e+02 1.35657547e+02
    5.04413086e+02 1.35413162e+02 1.63552979e+02 1.79402695e+02
    2.06815277e+02 1.79366791e+02 2.49351227e+02 1.79259262e+02
    2.92270111e+02 1.79023788e+02 3.34480103e+02 1.78763931e+02
    3.77150360e+02 1.78710861e+02 4.19544434e+02 1.78428955e+02
    4.62252350e+02 1.78092941e+02 5.04569397e+02 1.77747391e+02
    1.63865707e+02 2.22240204e+02 2.07367111e+02 2.22045685e+02
    2.49798248e+02 2.21595383e+02 2.92566467e+02 2.21349625e+02
    3.34613342e+02 2.21295181e+02 3.76859436e+02 2.20947296e+02
    4.19377350e+02 2.20652588e+02 4.61705170e+02 2.20293915e+02
    5.04447083e+02 2.19894653e+02 1.64692551e+02 2.64668976e+02
    2.07529068e+02 2.64273376e+02 2.50253098e+02 2.63799927e+02
    2.92561127e+02 2.63587036e+02 3.34910767e+02 2.63160492e+02
    3.77079437e+02 2.63008118e+02 4.19461151e+02 2.62514160e+02
    4.61518921e+02 2.62028473e+02 5.04149384e+02 2.61920471e+02
    1.26624290e+02 5.28870468e+01 1.73747070e+02 5.59911499e+01
    2.20423111e+02 5.95453529e+01 2.66277557e+02 6.27923279e+01
    3.11079132e+02 6.62443237e+01 3.54945740e+02 6.95203476e+01
    3.98291748e+02 7.27876053e+01 4.41004364e+02 7.56858978e+01
    4.83031708e+02 7.86841507e+01 1.23968719e+02 9.82842026e+01
    1.71555649e+02 1.01267433e+02 2.18627258e+02 1.04600967e+02
    2.64606110e+02 1.07759293e+02 3.09512054e+02 1.10478973e+02
    3.53393036e+02 1.13550888e+02 3.96854584e+02 1.16006454e+02
    4.39587067e+02 1.18848808e+02 4.81779602e+02 1.21017166e+02
    1.21589989e+02 1.44455765e+02 1.69734283e+02 1.47256027e+02
    2.16614365e+02 1.49830841e+02 2.62892242e+02 1.52505112e+02
    3.07893341e+02 1.54789566e+02 3.52098816e+02 1.57144012e+02
    3.95755341e+02 1.59498810e+02 4.38092560e+02 1.61833923e+02
    4.80625427e+02 1.63935287e+02 1.19419815e+02 1.91020386e+02
    1.67697525e+02 1.93538467e+02 2.14797623e+02 1.95752121e+02
    2.61220612e+02 1.97559204e+02 3.06314728e+02 1.99625397e+02
    3.50923523e+02 2.01604416e+02 3.94555786e+02 2.03426193e+02
    4.37596436e+02 2.05400284e+02 4.80063110e+02 2.07092438e+02
    1.16843452e+02 2.38286880e+02 1.65798950e+02 2.40046631e+02
    2.12990112e+02 2.41457535e+02 2.59565460e+02 2.43214905e+02
    3.04675934e+02 2.44720444e+02 3.49190033e+02 2.46118256e+02
    3.93054688e+02 2.47657547e+02 4.36384033e+02 2.49021515e+02
    4.79310089e+02 2.50478790e+02 1.14804588e+02 2.85498016e+02
    1.63582031e+02 2.86749908e+02 2.11123962e+02 2.87706482e+02
    2.57845581e+02 2.88871277e+02 3.03303833e+02 2.89795319e+02
    3.47903381e+02 2.90984863e+02 3.92024963e+02 2.91949615e+02
    4.35099091e+02 2.92986084e+02 4.78282227e+02 2.94211823e+02
    5.66147766e+02 2.67607269e+02 5.26176819e+02 2.68108948e+02
